App	get%		put%		delete%		add%	incr%	stats%	other%
app1	75.046500	24.918200	.000300		0.0	.013000	.021700	0.0
app2	94.880200	5.077500	0.0		0.0	0.0	.042200	0.0
app3	75.473500	24.523500	0.0		0.0	0.0	.002800	0.0
app5	58.313700	41.678600	.003600		0.0	.002900	.001000	0.0
app6	99.757600	.178100		0.0		0.0	0.0	.064100	0.0
app7	81.613400	1.822300	16.526800	0.0	0.0	.037300	0.0
app8	99.989200	.009300		0.0		0.0	0.0	.001400	0.0
app10	94.115400	5.051900	0.0		0.0	0.0	.832600	0.0
app11	86.586100	.101000		13.292900	0.0	0.0	.019700	.000100
app13	55.887600	15.347900	28.734700	0.0	0.0	.029500	0.0
app18	95.350900	4.639400	0.0		0.0	0.0	.009600	0.0
app19	79.041600	20.709600	.176700		0.0	0.0	.071900	0.0
app20	98.198800	1.792100	.000300		0.0	0.0	.008600	0.0
app23	89.872000	6.892100	.074200		0.0	0.0	.040100	3.121300
app29	92.195000	7.290700	0.0		0.0	0.0	.514100	0.0
app31	96.552200	2.767300	.027100		0.0	0.0	.653100	0
app53	99.871900	.115200		.000800		0.0	0.0	.011800	0.0
app59	93.739800	5.517900	.732800		0.0	0.0	.009300	0.0
app94	88.599100	8.703600	2.277200	0.0	.030900	.389000	0.0
app227	97.233900	2.161200	.005700		.276000	.147300	.175600	0.0
